7699
2941
4701
2885
0535
5948
8232
7251
2072
3058
7694
2371
4214
2396
2527
7539
5256
8357
4245
9001
1487
5340
0290
2525
6627
4587
1189
8936
8456
2937
0412
7920
6234
6518
1968
3445
9512
8659
1654
8563
5220
4314
0513
8670
3294
7147
0107
6099
9361
1224
6834
3310
7460
0625
7403
6852
9557
5803
8290
5376
0707
5188
1465
1409
5076
7392
8727
1458
5010
4462
9825
8860
6387
3570
7917
1339
4862
9756
6796
5149
8827
6216
4091
8009
5033
9433
6404
7571
1769
1242
7185
2346
5494
8657
2649
1084
1880
7914
1765
9330
8216
1130
0223
5008
9506
1367
0439
2693
4150
4949
7472
0427
3640
0532
4066
3052
2267
0366
7349
8206
5787
8251
0855
7211
8391
8793
6652
2531
6100
5782
0519
9933
4707
2757
7407
6644
0435
5788
4429
8172
1208
4624
8541
7066
4731
5345
4243
9424
6293
6037
7583
5676
9680
2992
9502
3743
5087
0689
4584
3483
3957
7849
1400
3447
5641
4496
1920
1870
3839
abcd
8602
9218
7362
0328
5315
8855
6184
7964
0123
9844
8705
1527
3101
8336
4360
3874
3753
1804
0742
1668
5576
9370
9719
9382
0703
4896
0033
9322
6585
1741
2137
2349
8796
7309
8910
4017
7386
7294
6955
7765
3311
0310
1454
4633
9821
6504
9417
9489
0396
3161
6905
8580
4700
3379
7953
1679
8968
5355
8645
1226
7396
8915
9606
4420
7927
8948
6640
9432
1829
4358
8921
1674
2516
2991
9170
2537
9697
9561
3670
8192
5539
7494
7807
1137
4560
7706
9503
4237
4422
3708
8980
3190
8439
7553
7761
8202
0619
3242
6087
4225
4434
2784
3684
8079
9726
5363
6501
3669
0640
6837
1688
0184
4822
2387
5669
6214
2930
4244
0578
3569
2449
5241
0010
1252
7192
9645
4684
6564
8094
1261
3830
7938
3182
8729
2570
9725
2623
9003
0509
5631
8574
4246
0246
5623
7825
5353
4781
9528
9683
0590
3989
6883
9696
3604
3556
0234
1950
2785
9395
2343
8539
7027
7985
1013
7435
8688
4482
4116
5575
5077
4052
7391
3761
2586
5547
7902
8813
9937
1595
5649
8041
6417
9722
8525
8388
2029
3986
5236
8441
9674
2500
0607
5871
6871
6130
1854
0526
2744
0338
5246
7077
8801
0771
5195
6806
6122
1126
9107
4281
3357
0789
3179
3016
5992
2550
2098
7956
8611
0313
4806
5865
8475
0806
6878
0530
3787
6607
7518
5860
9872
4571
3969
4575
2754
4962
4325
1087
4963
7122
7753
8734
0775
4190
7198
3099
5815
6906
7607
4135
8161
9981
3726
7828
9164
9789
8848
3616
9949
8159
4874
7738
3051
0614
2724
7644
7150
0693
4757
9612
0511
7946
4550
6975
4257
1236
3252
5210
5775
6520
6059
7785
7961
9337
0744
7851
9921
0642
9605
1777
7117
0886
9263
9694
4984
0498
5120
7319
1461
6946
9631
9199
7919
8862
5618
0727
7419
6061
0757
8429
3564
8865
2889
8373
0060
0186
0615
1077
9090
9323
9781
1943
3773
3851
2281
1495
0263
7194
4319
4535
6820
9405
1093
3005
8762
3361
1389
5316
1813
0644
2146
3838
9126
8224
5711
4740
8468
9772
0963
1774
1999
5297
3469
7074
1823
1014
0982
5767
4713
6401
1329
4889
8892
3642
9587
0708
3671
0836
7826
2708
8721
7406
9030
8233
4005
3114
4882
0647
7063
2592
7482
9862
7976
6927
1934
0190
5910
6931
8421
7100
8985
8639
6529
8782
6615
6720
8301
9771
2138
9880
6166
4046
4668
1219
2454
6082
8607
1658
7743
0374
1447
0894
3273
4735
6222
5450
3291
4807
8314
1752
6210
0541
6791
0473
4369
2910
7433
0750
6630
7263
7650
7788
7176
7267
2719
6812
9486
6802
8581
0567
0388
3296
4770
3937
5408
7166
0731
4527
6278
8389
4516
9777
7796
9073
0745
8672
4043
0720
4648
5616
9078
0917
5895
1306
6601
7092
2339
0716
8800
8359
8521
5653
1783
2954
9927
1671
5888
8091
0840
7322
1945
3169
3800
5342
5364
8554
6713
2786
7984
8879
0175
3764
0201
5814
7731
6724
4278
2758
8766
4163
5386
1292
9851
2050
0499
9546
6021
8241
6524
2943
6608
6462
7538
8341
5931
3615
5392
6958
4858
6980
3967
3387
6455
6399
2647
3223
1828
2514
3591
5460
5552
7232
0211
1301
1186
4979
3958
1753
0154
4424
7713
8354
6001
3017
4372
0857
7892
3152
4699
6950
2532
3922
9237
0042
9976
3869
1666
3054
8663
0192
2832
1826
4480
2673
1075
2547
2796
4463
1633
6788
7254
7866
9827
5702
4839
4724
0879
3155
5566
5841
5625
4657
7612
7568
1497
0978
1524
9667
4133
0305
9595
2999
3563
3064
0288
4813
3664
5233
0219
9810
9319
2580
4384
1053
1055
5583
5938
6341
1392
5153
1630
2484
6145
3095
1885
9590
6956
4198
6006
7954
9775
4025
8210
5414
0363
4469
1652
4147
8698
7048
7908
4140
4022
0358
3308
1398
8807
9067
8430
0418
2179
1756
1579
4913
6488
7808
1207
7057
3468
2610
3103
0555
2439
5175
6459
7252
4764
3441
7079
8914
8144
2300
6333
8934
7730
3551
3911
9481
7422
0681
1291
2411
5794
6446
7536
0447
4493
8124
3434
5117
3261
6577
5215
2375
6821
7975
1862
3136
5691
5432
6858
2993
6080
8578
7926
0823
7078
1889
4371
6297
1895
9080
9710
9804
4640
0282
4152
7947
6232
0637
2359
8056
0294
8739
1502
5586
6151
0472
1491
9423
1352
5286
0660
4951
0655
4825
0424
2543
4270
4332
8935
0780
5478
6433
9289
7334
1211
1312
1924
7217
1056
5484
8604
1801
6182
2091
0870
8668
3518
7593
9222
7889
8107
9820
5216
3701
6496
1215
6814
7952
3176
1946
3373
4849
3496
9215
8367
7791
0559
4200
2254
4389
9488
6173
2048
5934
7852
0269
0361
3347
2148
5719
3126
3679
0506
0576
0657
0912
5885
7736
6745
6932
4780
5603
9128
3831
7620
9691
2909
2659
0272
9994
7798
0874
6463
6847
8221
1676
8687
9031
7881
6011
4683
5673
9121
3829
6208
0602
1629
9545
5557
3475
6088
9460
0032
3950
9570
1899
1408
1978
0702
9950
4745
3418
3744
8298
7016
3056
4479
6343
5073
5390
6864
5302
3525
4940
6736
6377
5703
0795
1387
4532
4350
9547
7601
0893
3878
1139
2378
9836
3088
0822
6427
1058
8598
4308
2826
5522
6666
4378
1635
8350
5193
9230
0841
2230
3597
3979
9184
4517
7090
9384
4313
4983
2031
5266
8281
2510
2489
1715
3068
6655
3574
9074
3012
4346
5320
9412
3280
5845
7120
8545
8829
6822
7453
0185
9980
8497
1795
2426
7361
4672
7973
7649
1333
1601
9845
1935
5744
5409
8547
9816
0983
6589
8770
3536
7768
2272
8088
3132
1144
0069
5510
9450
9993
4708
6595
3065
8609
2989
1123
7123
8522
3510
4211
6474
5022
7320
4447
0377
2177
2040
8783
7412
8640
4465
8300
5753
6106
5652
9855
7590
3731
2656
3910
0450
8747
0331
1800
6299
1910
1423
2706
6600
9387
3078
6543
5509
4935
7770
5820
4084
1413
6611
6743
9787
0279
6034
7283
2455
9712
3484
0610
6018
7288
4871
5716
7207
3230
4730
7082
8614
9649
6154
6038
2068
6705
2790
4491
1610
8947
7413
4408
5833
8037
6506
5144
9286
5564
9479
3473
7688
4454
2788
3892
9185
3116
2017
9099
2905
1758
4982
3410
0585
2977
1659
2845
5196
8007
9392
1217
3211
6148
9511
3972
4439
5427
9008
3041
2607
1348
7345
3421
4290
8035
4460
4162
8136
9431
9632
0299
1401
8392
2519
5565
9588
2946
5766
4965
8596
9462
5554
2216
4397
1476
4129
5772
0990
2922
6072
9762
0220
4404
1133
3716
3059
1065
1357
2370
8090
8606
5855
4815
2090
6095
2589
2447
7772
9304
6690
2161
4428
4791
0428
4072
6363
1346
5284
5884
7935
1892
4786
9373
0151
1961
5469
0832
4399
3074
0773
5802
1284
9389
9951
9134
3853
8551
1160
2293
9125
0944
0437
7737
9478
4032
9403
5508
8775
9891
5823
3677
2779
0314
6620
5151
9427
9544
9046
0345
3369
0568
3543
0494
5179
1489
7526
7506
4148
6158
4703
3683
2049
3893
4523
9944
6963
3711
8138
8750
4926
4068
1451
6661
7633
7784
5662
4080
0828
1264
5637
4823
6109
3658
4810
6860
5186
4509
9903
8828
9311
7114
3822
9278
2809
7086
3927
7062
6737
1642
6924
1225
2248
2260
6495
3170
7873
1975
0502
3760
6704
1279
2043
8540
7647
6398
6169
1262
5869
8944
0922
9843
8131
5249
5544
0740
5642
1159
3287
6619
3817
1052
6912
2224
4843
4512
0307
2862
5267
7718
5831
8215
3814
1569
7671
0242
6044
2727
9385
0770
2003
7014
8099
4125
2184
3413
9277
4960
3031
7760
3970
6237
6863
8451
1901
0150
0415
5480
6831
1770
2606
3589
3710
4090
9303
9672
5960
4944
0986
7680
8565
1411
6535
9971
4732
5776
4778
4078
2808
5959
5100
0777
2169
2769
9317
5581
4706
5123
6921
2534
5467
2133
4249
5540
0451
6869
8482
5280
3400
0205
4155
2414
3808
5238
3247
7279
3498
7625
7895
0159
8814
6996
3607
3461
1138
0054
2951
6727
3067
4510
8548
8852
1539
2301
7829
1523
5689
7043
9978
8175
9309
0352
6698
1061
2173
7572
1083
4511
6327
1872
9500
8398
5790
1726
1505
5200
6304
5497
7781
6686
8797
7637
4366
1022
0090
5259
5718
3197
4996
2825
6509
9988
7838
9364
9193
7660
4519
5344
5485
8316
2410
5126
0455
4879
5322
0820
4266
9062
9551
7119
4887
6903
0798
2450
1012
6047
9457
9907
3884
2457
3083
4682
6979
8923
8969
9333
2160
1227
9050
4192
7169
6340
2355
9138
5701
2391
5919
0334
8603
4362
7464
5908
6280
3824
0009
2761
6672
4182
7963
2898
0677
4919
7068
2650
8330
0245
1438
0536
4294
1342
0592
5928
5089
4617
2431
6250
0485
5141
2846
3873
5352
3122
6073
0584
5132
6908
8667
6926
5551
7426
3255
6041
7170
4092
9209
5283
0760
5925
2473
1336
1257
1768
5083
0761
1095
4609
2697
2746
3106
9287
9252
1651
3062
9878
1597
6753
4029
0491
7930
9206
6739
2866
3906
3610
5190
5656
1205
5157
2033
0931
5588
3930
8695
4917
3135
7763
9928
5647
3111
6516
8407
3915
5941
4794
9626
4064
0599
9315
4955
3214
9646
3133
2215
7980
3307
2849
7806
3611
1806
0667
8725
4925
3048
1098
4737
8635
4120
9493
6536
0505
8818
9202
8658
5439
8517
0339
9553
9782
3886
4582
3694
8244
2131
8972
7787
7342
9012
5759
8610
8016
3997
7364
7126
4260
1305
2222
4144
6771
0082
9956
5757
3079
9038
5138
2132
2306
3756
3240
4605
1417
8612
9620
1540
2271
8504
2196
8445
1653
6818
4665
2801
3951
0300
7622
1156
1600
2760
3306
8593
2458
3995
5378
3393
9054
2307
6707
6833
0308
5183
6362
6043
5746
9302
0297
7231
7544
8252
8271
8784
0011
5795
4364
6026
3923
1514
4835
4904
6951
7301
0759
3164
9852
6914
6140
8253
6867
1605
6364
7208
4117
9739
9926
8587
0942
3175
5278
4801
4342
3793
4542
0802
2837
9766
9151
1718
5207
9441
3864
8116
2982
3504
0958
7631
7677
9625
2106
5658
0898
6714
8170
9548
0237
3340
0534
7172
5969
8199
6598
0194
7924
2228
0805
4432
1104
9381
0050
2956
4387
5101
6312
2172
8121
8624
9122
2324
1303
1237
5799
3860
6069
6540
9918
3066
3249
5987
7136
0600
8493
6144
8616
0678
0043
8873
6706
2430
6347
3245
7371
7582
9641
0579
4044
1204
9409
1044
2333
4464
8380
7842
8052
2681
1879
5323
6274
7894
6263
4691
8836
4501
9849
3490
1832
0507
3089
5147
4920
0926
6456
3007
2624
9720
3451
9796
6789
2722
3399
5264
5437
5429
9288
8109
8621
9490
0562
8386
2752
3034
3183
3675
5401
7707
4457
7876
7727
0467
7904
7451
5381
5524
0638
9072
5804
0658
6523
0257
3621
3681
8231
6594
5580
2472
9334
5563
6995
2766
5754
2957
3499
2122
3000
9763
6025
0071
4554
7434
8103
7311
2171
2924
6939
9282
5849
8558
5977
2947
2759
5529
9650
9146
0024
6503
9092
8627
8028
6201
0114
6689
5116
6301
1034
8608
4696
1425
8323
2193
0561
9166
1299
0961
7144
1861
7351
0321
8662
5040
1677
2469
9909
6941
8145
2601
8568
2799
4248
0570
0229
9785
3025
5986
2566
6532
8365
5399
2777
6756
8864
0254
4576
4258
4728
8932
5577
4081
6610
8287
2367
2707
0044
6392
2735
8679
7230
2007
7608
0399
8060
1341
9235
4153
9659
0589
4058
6870
9106
4235
1734
6826
1893
6261
3625
9526
3187
3335
5645
7810
8928
0904
1628
8278
8963
0848
7516
0386
7846
3727
4166
9347
4489
3877
9700
5791
4227
3905
7657
6573
0414
8756
9995
3594
5714
8697
0612
3953
1416
5591
9564
4974
0613
4293
4138
4959
2381
7870
0070
2711
4574
6424
6337
0119
8342
1670
1216
1197
3834
8462
5650
7225
8891
6985
9246
5778
0803
1738
1911
4111
3037
1345
1230
6266
8651
5317
3130
4452
7922
5854
0099
5124
7405
2334
1995
4765
0109
0429
9035
4613
0543
5464
7005
7269
0956
8339
9354
0277
9560
6350
2434
7268
9600
8387
2206
5049
3320
3331
5164
8900
6379
4167
5498
9627
4734
9421
4345
2867
7372
4844
5913
8911
1996
1393
9339
3388
5796
1247
7522
9692
6065
4802
1859
2208
9142
3690
6499
9213
2060
1362
6461
3464
6172
0018
6546
7152
1931
4525
8965
9532
9943
2413
3402
5372
9139
4625
6160
1128
4515
9629
7145
5204
8273
0371
5615
9877
1515
2399
8190
8249
6792
1119
9477
8086
4406
0369
9565
4040
0036
9483
4787
9426
4476
9016
9523
7525
4540
8630
1693
8495
6542
5548
4991
4819
8084
0813
2207
2949
4752
5115
8977
4592
3729
5052
7883
2747
6868
9863
3818
3619
7354
4395
5917
8896
9310
4461
2121
3685
3735
8736
0152
3382
9919
6829
4566
2350
3072
5333
7845
5431
2742
1073
4868
2692
1938
3812
6310
4961
3991
9429
9716
0877
5675
3605
8001
2417
5593
0149
5211
2059
6211
5185
2713
5687
2540
2347
0081
6255
8055
7556
3920
5090
6287
8562
3275
9602
7022
4373
2045
4521
4368
9533
6049
1694
0068
5273
2416
5041
6799
9797
9818
4660
7769
1831
6383
4836
2551
4172
8198
9568
7013
1867
1615
2593
1834
1785
5828
6692
3163
8757
1680
9656
9123
7168
0348
1848
2335
8701
0026
4041
9255
4071
1304
2852
5717
6663
0691
3935
6731
4473
7174
5235
0704
2972
4718
9842
7447
6084
6682
8288
6554
1475
5391
1621
4503
4972
0280
7224
7996
2861
5388
9746
1383
5143
1407
2386
2444
8051
4564
7632
5184
9458
2392
5375
6233
1042
4169
1822
1794
3030
3244
5277
4690
0055
3218
6134
1511
9713
6930
3470
7205
9132
7171
2839
5773
3722
7884
2814
9942
7336
0900
6267
5057
9172
8964
2768
5042
0577
9216
1198
6754
2530
7384
2544
9262
5346
5243
7387
7443
1545
7234
1509
8219
5573
3259
4253
3647
0785
5587
7880
8674
1973
2648
9307
4547
6849
8020
7182
9524
2621
5911
3327
6295
5825
2067
5064
1290
1835
5758
9687
6853
2929
4499
5252
8966
2920
7415
0925
8567
4459
4347
4891
8680
7400
7665
7542
2625
2165
1453
3689
8432
7221
6752
3792
0545
9609
6744
3140
4437
5433
2144
3784
6678
8306
6368
8069
7916
4082
3668
3493
3833
5883
0936
0392
5695
2445
9761
9242
6192
4070
3651
8295
9998
7986
3617
7256
2002
3024
9822
3015
8402
0169
8412
6033
7485
9019
7734
9770
1564
3665
1246
4795
4425
5260
9058
1641
9321
0268
9257
5357
8111
9358
8021
6195
6700
8385
2674
6845
7236
1110
9492
9280
9577
9068
1504
7199
1703
3632
9428
7896
2994
1655
3985
6977
0597
1731
0899
2798
4677
8448
7317
8894
0335
5817
8908
8665
0864
0748
9563
2670
3350
1310
2684
1690
2383
6121
7241
2352
3435
0062
3090
4837
8141
0665
1467
4612
3748
3655
5131
3239
2178
6052
0008
6252
1153
8472
0664
2792
3370
8952
9464
8074
2667
1280
8405
4639
2655
0831
1076
3184
1602
3534
8709
8149
2773
5800
0324
3740
5454
6023
1575
9268
9351
3241
2183
4292
1307
5217
5920
1483
3355
4130
7528
1966
1928
4816
1431
7091
1638
8929
9520
2039
1733
9108
5343
4280
2297
9292
0984
6653
6507
7272
3145
8706
8066
1982
5582
6257
6527
7291
8171
1586
0719
3961
6249
1645
5688
9968
0155
4981
3755
2588
9243
6668
7748
3673
3401
4430
3474
6508
4252
5735
0432
8529
9575
5435
5997
7802
5412
3204
8152
7574
3938
4520
8437
8436
8899
1456
7105
6827
9119
8187
9959
0421
5015
6662
9510
3300
9379
2274
6409
4415
5549
5279
9346
8031
5449
1157
5023
3680
5980
4906
6566
1201
8804
5341
9985
5330
9357
0264
1559
4101
4193
5048
3527
8014
5203
8511
7177
0529
0556
2322
7106
5678
5005
7327
6665
1639
2559
6651
8943
4553
6593
6580
3500
3426
6447
4894
4748
1377
7776
9799
4995
2704
7458
8473
7719
1200
5724
7316
3360
8225
4595
2353
5441
2963
8410
6019
9150
6230
3216
9236
7298
2220
1082
1001
9596
2152
9363
5891
4067
7672
3821
8374
0811
5300
5318
2562
6054
1898
7140
1212
2637
0380
4827
7554
6596
3709
1501
4295
5655
6764
2986
6366
7648
9369
6964
3092
2513
2241
3077
4945
4349
7155
3802
7732
2460
1947
8718
0317
1147
2192
0891
0483
5462
9264
8503
2265
7490
8961
0514
3887
6560
0464
3776
8347
4643
1353
7856
0051
6161
2515
5113
5624
2944
0829
1815
2157
7206
6288
9137
3404
1682
2318
8998
6749
3177
5459
6748
3309
4877
8575
4486
5374
3290
3562
4073
5530
7357
0362
2154
4738
7664
5709
8560
0884
5182
9731
0709
6268
6415
0177
5672
3777
9940
2428
6125
1109
2164
5282
7909
4746
1296
2542
9253
6386
8513
4930
0569
8033
4036
4262
8653
2084
1278
4164
2117
0398
6411
4196
3432
5301
6599
5734
5947
1805
0291
2973
5824
8469
8404
2247
7296
6378
4441
4602
8959
8956
1530
6537
7101
1085
1689
2006
5269
8845
8132
6677
8053
2064
3700
0609
6680
1531
6889
9920
8867
0176
6262
7143
3698
7811
4435
1992
1103
4799
8269
0881
1662
7427
7558
0021
3846
0598
7127
6423
9340
2818
2442
5298
6132
4286
5476
6118
3998
1433
1311
3045
4856
6862
2679
5173
3408
6157
9723
9792
7905
0869
7843
7271
8535
5813
5838
4594
9082
4973
1359
4610
9455
9829
7993
9874
7779
2194
1134
3516
0608
3476
5975
2896
9808
1993
2232
7655
1566
7800
4212
0794
7333
1046
4620
9997
2390
2483
6318
7816
3298
5848
0953
1277
1873
8916
2287
2088
7095
5965
0065
2743
0332
6886
3545
4105
3780
9702
2373
7940
0697
4687
1088
6981
6053
8483
4897
4316
7941
4727
5599
9729
1314
6071
2240
2536
3598
4567
5004
7142
8594
7863
9178
3762
7739
1717
2578
5850
2136
9543
0057
0623
1965
5024
2873
6664
7809
8854
9144
1171
3001
8700
4559
7456
1164
8203
1064
2103
6254
0316
2283
0501
1485
0701
7614
4777
7585
3207
1510
9497
3367
7692
2555
0330
7762
6218
8781
7124
2765
5732
4785
6637
6947
2829
2618
6007
0411
2507
1210
4768
1787
2613
9406
0889
7978
0743
6648
3134
8699
3896
3648
2907
2864
4485
2980
0618
3348
3982
0423
3660
4614
9057
8831
8112
3805
5214
8299
3049
8573
1987
5488
0859
1907
2261
2155
4771
7675
1241
1371
7517
5030
3107
1538
8292
0972
9063
2446
0679
8093
0786
5067
8157
3010
0735
7440
2258
0228
5862
9232
5007
8226
7957
3785
6866
1140
7401
1562
0523
4733
1071
1669
1209
4531
0880
4018
0193
1858
6361
7331
0871
1583
2893
3338
6483
8531
0139
4062
8030
4934
2268
7457
9300
4337
1240
1498
0349
8027
8927
9604
5546
2342
6850
3904
7323
6117
0959
5712
0266
8647
6500
6300
0188
3403
1762
8918
5403
9888
2748
1522
1611
7592
7794
5223
6024
4020
6880
9240
1351
6243
5305
4128
0516
8507
7115
0741
0382
6150
4348
4023
1969
2069
2668
6369
1113
9014
5086
7375
8237
5398
6203
9555
3333
1004
6139
8925
8431
5682
6302
7008
5134
8731
6256
4680
3466
5028
0013
2936
5630
1614
2071
8857
0350
1263
8835
6779
7259
2365
3662
2482
6910
8163
1496
1939
4990
4296
8338
0431
4782
5272
6466
1672
3949
8160
4688
5503
8735
9894
8825
4171
5209
1384
1698
2728
3358
9527
6475
8886
6588
9760
0824
9362
7921
9896
2584
4957
8321
8791
7605
2836
8266
4629
6308
3195
4145
4942
9670
0126
2118
7098
9853
7837
6479
7705
2573
2255
7382
2456
6547
6650
7238
5288
2827
1825
4069
4873
6968
4924
6046
7023
9052
1338
2461
3167
0812
4588
9724
8958
6009
5877
9293
9076
8013
6907
3416
5172
9999
5237
7532
6124
5248
5234
9348
2608
7039
0673
5585
2397
2903
3258
1951
2311
3713
0315
9660
5726
1853
3455
1732
4151
9265
7257
3166
5065
3908
7774
1845
9114
5251
3515
2619
9914
1613
1649
9388
1789
3758
7537
2009
3968
8693
2326
7998
9582
9043
8924
7959
5974
6624
7683
9946
8214
0979
3549
5801
5864
3082
2749
5239
9831
1971
0083
9591
2044
5738
0896
8946
9714
3061
7477
7069
5407
7492
1981
5032
5312
2379
6238
4952
2579
5863
8777
3538
7437
1521
5644
1049
5148
7907
5909
4123
2767
1841
1493
2745
3506
9743
3959
4006
3209
2023
6894
7497
8343
2279
8868
9876
6055
2914
1541
3425
7847
0002
3178
9095
2882
8880
0847
8262
0346
2565
6567
3914
0309
3858
1486
3529
2614
1167
1919
1080
3907
5097
2974
2046
3057
9158
1607
1045
6800
1256
7233
4987
0964
8261
5271
6221
3535
8025
9554
5894
7388
5657
1180
7773
6685
1259
2429
8453
6395
1283
4174
8671
9079
5456
2887
6162
0574
8549
8692
7157
8919
2878
5951
8023
9923
7929
9734
2740
2812
5762
7179
2676
5365
2539
4710
9376
9025
6613
9721
6467
3548
7878
1824
0053
1449
3277
3782
4541
2717
7958
6334
4956
7459
3424
1742
9366
4580
4413
0842
1958
4818
9085
8486
bnmk
4011
7897
7491
0208
2181
8945
0156
0459
3374
3250
6185
1182
5501
2143
0790
2800
2190
0016
5354
0528
1220
8463
4840
2664
3151
8415
4679
1350
2858
2243
6174
6163
0115
5995
3073
1940
1319
5611
1463
3940
8283
3528
2990
9011
1624
4256
8352
8294
6227
0751
9521
9040
4988
1154
4905
1027
6165
9440
0856
4204
1344
3859
9187
0783
5535
3963
1118
2076
5080
0046
2363
8426
2732
1444
1959
0723
8166
8500
0127
7050
4013
5525
8034
0737
4254
1988
0326
4902
3313
4126
6841
9060
9607
1370
1926
2687
3733
8118
2595
3283
6432
6381
6438
6957
6969
3349
2205
8256
8188
0204
4159
4975
3732
3890
5954
3571
3433
6522
7548
9885
2666
0356
7576
6675
4964
9774
2075
0030
1421
7918
7025
4400
7676
9916
4083
9130
4299
2107
4177
0844
0091
6587
6056
7149
3666
1634
7002
0604
9136
7276
5299
0698
2407
2298
7411
6097
5394
2776
4283
2412
2092
7489
9989
4053
0135
7623
5091
1851
0722
3881
6783
3281
0364
1031
2892
3702
8876
6667
6793
8326
7154
3040
5418
5880
7137
2468
8487
5751
0632
8626
1039
5225
1455
2985
9148
6251
7792
0284
1074
4885
9111
7550
5314
6183
1097
4276
0808
6226
0238
2816
4759
6989
2225
3208
8861
3465
7444
9153
6741
5541
6622
7950
7740
6715
0692
8584
1684
6597
9603
4421
8334
2054
0347
1150
9624
6083
3279
5262
0256
8155
3341
5458
1106
2721
2302
8523
8413
7264
5335
9811
2062
7910
4031
2019
3889
1193
2124
2289
5756
1952
8248
7335
0487
9593
4194
4912
5506
7943
6990
7697
6077
9129
0080
9160
1875
2008
7308
6725
6224
8098
5129
1686
9269
0370
2251
4741
5685
2853
3539
9736
0273
4618
7900
6887
4545
0781
4102
8304
6307
5165
5479
8065
9541
0387
6688
8883
6717
4403
5122
2041
7214
2066
7751
9494
1094
8788
7646
0157
8363
7191
6723
1843
8646
5003
9693
1740
7448
4206
9750
4908
3530
4118
6984
8286
0571
0672
0037
0063
1028
1185
2871
7073
4423
4669
7673
1964
3628
6058
3870
5078
5989
4187
9397
8153
0209
1891
7613
3745
8752
4756
0222
2831
3212
0017
4458
2919
8978
0687
3411
6861
9180
8324
4012
2966
0400
5646
1956
6111
9653
0210
5752
2096
9755
9699
8527
8741
2802
6371
4606
4673
9071
7187
2585
0000
5633
5512
7747
6726
6854
7072
0495
3339
9096
2594
9143
9214
3148
5434
5968
7045
6265
9984
9987
3362
0949
9974
0997
7011
0212
0960
6843
9368
5254
8254
0198
7481
0492
2840
0496
5785
8358
8443
7383
9345
0274
0471
4986
6244
6328
9516
9204
4946
9499
8588
9274
3637
7390
7711
4132
0158
9498
3050
1941
0939
9324
8006
9283
7527
4448
0564
3766
3736
1955
9505
6440
4805
6586
9353
7052
5035
1764
3850
7591
2931
4048
9086
4338
8418
4335
9294
6239
1963
5483
5110
4754
5424
8382
1664
5446
3189
4758
8179
8128
7028
3828
5516
3966
3672
9027
1833
0262
2011
3110
3268
7026
0325
4958
1273
6679
9969
4401
2253
1121
4872
2778
4886
3042
9538
1428
8073
6825
9892
8555
5755
1194
4038
8331
8424
3996
9529
2782
4562
2239
3389
7803
8196
5079
9109
3162
7521
7141
3027
6884
8858
0747
2897
7746
9929
0087
7639
5832
8570
6493
4599
0351
5313
6104
9870
9296
2821
6177
5411
4076
6810
2229
9504
3423
6113
6647
4585
1565
5016
0712
3407
0991
8201
1268
0271
4331
7534
1537
3954
5250
4774
8901
5156
9623
2902
2013
8808
2393
5396
0699
1365
5017
8577
1120
5482
0468
4685
3093
8824
8691
9886
8815
2524
8832
3939
7513
6081
8995
6147
0236
6604
6204
8217
9226
1480
0639
5228
7183
8940
0648
0930
1929
4202
2850
2037
0343
8586
4112
5373
1553
3699
9195
1760
4093
5192
1437
3342
5983
5834
8755
5070
7378
5692
1543
1578
3202
7611
0463
3965
3845
5474
2291
9391
0174
7094
0111
2838
1129
1251
0097
4287
0945
4311
0112
2501
7965
8467
9091
0436
8242
2815
4793
1432
2682
8481
1388
0617
8789
1619
8193
8239
8018
4305
0162
3375
2575
5870
3505
8422
5514
1396
6571
5721
0265
4937
8613
0627
8991
9908
8417
3264
6919
0267
5902
7720
5152
5490
8589
0202
0717
5798
4297
0948
8372
4226
9519
5651
4565
7348
3080
5627
0142
3480
5056
3356
3322
7681
0295
7759
9285
9839
3542
1364
0407
5852
0124
0547
6235
2520
1228
9159
8769
9015
7709
7679
7577
0873
0165
2683
7991
9813
7514
4393
1792
8745
6348
7877
9456
0752
2032
9032
9802
0306
0753
3945
2574
8715
1325
1470
5291
6982
7442
8907
3018
6344
5779
1068
3292
8499
0320
7994
4240
0178
8474
1067
4203
6032
0171
4992
4450
3682
4709
1884
5061
8881
5334
7055
9531
7471
3219
9484
6557
4915
0216
3875
8353
1300
7669
0661
0885
3578
2108
2771
8101
9314
8085
7042
0200
8846
9765
7483
9730
0052
7075
8512
8105
6107
2932
5293
8903
4241
3924
3317
3154
5836
7827
6877
6076
6223
3913
8089
0974
6842
1930
6096
2097
5777
6421
2716
4334
8516
4370
7821
2700
1450
1609
4556
6105
2304
5167
7724
4953
4702
5389
9100
8920
0938
0768
3866
7395
6568
8335
9329
3956
6108
9465
2452
1124
4161
1724
8038
2734
6316
8633
5499
9706
5846
8240
0172
0943
0683
0085
3060
2025
0631
0924
0951
9306
9447
4222
7659
9826
8719
7243
7036
7222
7110
7999
6986
2199
1773
4622
7783
1737
6699
9610
3674
3823
9534
0895
1763
9879
1582
6360
7508
0145
0093
7573
1722
1092
0342
0133
1248
7280
3678
4546
0029
6734
5069
4104
7306
1269
6013
1105
1700
7347
4185
5258
8579
0140
9882
5914
8340
3481
5971
7981
3489
7146
8449
4001
1985
1746
9161
7562
7284
3707
1847
5707
7240
4808
2495
6767
8238
2374
9742
8378
7373
9901
3634
2486
3747
6824
3739
4586
8849
0301
5415
8311
5410
2901
2211
1101
0433
7888
1678
3359
5609
8887
4019
4382
4344
7428
6359
2948
3880
2934
0715
3305
6972
0095
0170
2263
2475
1459
9156
9435
0375
9463
5731
3391
0540
3303
6342
1556
6365
6718
1903
4000
6935
2895
3225
8743
7696
9893
1948
2187
0621
7305
1735
4436
5421
4184
5661
5923
0420
1221
3173
4490
9558
1519
9408
5471
7223
5255
9686
3228
2195
7716
6759
1782
7452
7628
2646
6458
1878
8054
0251
4251
0776
4719
8452
7832
7934
6460
6798
4056
2689
8029
4168
0395
9140
7408
9147
7801
3719
1410
0557
8067
5311
7855
0656
2089
7414
8186
0807
0401
5452
8162
0890
6298
5827
7180
9005
6750
7468
0258
8859
4096
0554
1625
2126
3546
9396
7138
6149
0434
2497
6549
7484
6997
8768
7193
3381
9867
6579
4653
4881
1661
1320
8597
6762
9753
6732
0038
0969
4603
5395
6633
4307
2327
6396
3384
2640
5671
6119
6242
2080
5858
9618
2523
2654
9260
6918
0458
8471
0729
5423
6669
1849
5660
8760
5270
9542
1865
5253
5477
0818
1719
2612
7046
8257
5119
2337
1323
1953
3620
5839
6550
2753
6747
2209
6813
9654
3531
1534
5768
4551
8319
8494
2888
7923
3554
9048
0442
3118
7698
6320
8401
9858
1685
3364
1663
6197
3612
5607
5723
0980
6075
9622
0581
0457
2125
1616
9748
9469
8984
3229
7340
5136
8552
1604
5384
3993
7071
2005
0006
2587
2553
2015
3345
5027
5489
3415
7795
8344
9276
3302
0947
1916
9402
9101
6196
6909
7249
0861
0549
3738
4205
3712
9963
7021
4075
0197
1714
1894
2290
3028
9093
5155
3841
7714
1078
2109
9026
0531
6578
8708
7235
2962
3582
9630
3270
4047
1793
2477
3125
3862
3931
4966
6439
0247
1271
6484
5892
2564
5139
6367
3188
1608
3706
1788
9485
4487
8318
0544
5275
6879
0479
2364
1054
9036
8967
4282
7203
6902
2636
9471
6403
7266
3715
8840
9665
6354
0955
7017
7989
2036
7478
3251
6114
0566
4497
1643
8351
2546
5819
4577
4189
9728
2214
2433
0014
6143
7693
5903
3174
4284
9375
0866
9854
0863
9258
7064
2259
8096
7624
4980
9664
0134
5071
3981
7502
9598
1647
7466
8457
8220
6848
9517
8993
1238
1203
3724
4272
9873
4817
3932
6102
9935
8834
7579
4762
4809
8427
9192
0606
1590
6407
5088
5921
5893
6135
4113
2561
6156
5665
2292
2331
2503
8042
4838
8076
0118
6491
4478
7780
6780
2159
2576
2213
5737
2762
7474
1390
9061
6485
6553
8716
1033
9784
2380
8420
4826
1874
8442
0122
1927
8446
2928
9677
4343
8247
8711
8710
8080
3902
7530
1183
4015
9991
0690
1554
2978
5999
7425
2123
5961
8039
8553
7839
1239
2881
3102
2170
6548
9778
4483
5242
6684
1222
6159
5135
1830
8753
0800
8733
9668
5868
8641
0573
8904
3622
9116
9169
4398
4846
8127
4798
8478
0954
7969
0191
8520
4279
5046
9738
6740
1440
3215
0914
2479
1355
4238
5720
2285
4306
5425
7854
1850
2420
1391
3386
9110
9434
2276
9638
4661
4667
3903
8974
5043
5026
2718
4157
6582
9473
8601
3788
0504
5362
6408
2053
0488
0025
4854
4411
4170
8771
7300
5899
8459
0092
1683
5556
1090
0250
0153
2775
4274
1471
7597
7295
5570
2382
2317
8291
8115
3336
8644
9474
3330
9446
3717
0453
9002
6874
4409
6200
5387
2912
1708
9954
1593
2288
5842
7819
7955
5351
9308
7610
4208
1555
5310
5822
0367
7804
1380
6400
2356
5740
0293
8123
9374
5733
2599
8566
8498
8863
1949
8712
0851
9986
4291
0985
6976
4394
1811
4095
8758
3417
9535
1984
8070
6349
9530
1375
8749
6406
6676
8068
9157
1161
4788
4402
2257
4322
8148
9301
7775
7060
9958
5507
6891
4647
5163
8620
4042
8850
4234
9666
3226
3299
9279
4239
0520
2598
1287
5601
6603
9472
2702
1512
1276
0341
8631
2857
2529
7004
8137
3482
9338
4766
7820
9754
0714
6570
1561
8987
2908
0713
1122
0756
3075
5741
3816
2204
8369
2967
6194
6697
1158
8479
8557
0788
8317
0883
8135
5020
7850
1038
2094
9925
4079
9905
7260
2234
0385
4632
1632
3087
6414
3458
3237
0144
5331
3547
5595
4847
3222
4590
5579
4063
5515
9013
9619
9177
0430
2651
3449
2201
1023
5935
6646
0500
5929
6426
3009
1125
4513
7219
8561
0653
1744
1563
2911
2351
8008
7041
2402
6808
1249
7113
9572
4864
7841
3486
4878
8656
9970
3023
6357
0376
4288
0446
1206
2968
0203
0441
5473
7070
4901
6289
7156
3749
5486
4641
9566
8939
4747
5491
7744
5447
7777
4850
1288
1516
9794
2188
5578
8975
5684
8062
0734
4720
5356
5879
9194
3246
1790
2880
9200
1974
5589
8973
8302
1272
4842
7872
6048
9865
6473
7735
8812
8408
0276
4336
0419
8942
3108
2057
6709
5227
6657
4376
0668
8491
1983
4134
3602
8181
9990
0906
3752
8444
4761
4271
2965
1650
8384
6092
3069
0552
8634
6882
4427
7164
8455
3315
6303
2362
2696
0244
9875
9233
2791
7487
2295
8556
8986
5808
1379
9930
0675
8937
1808
7261
9859
6420
2663
3392
4971
3926
5826
3704
0221
1091
7128
7515
6801
0147
3517
9439
2505
5966
9083
9181
0075
1506
5957
8130
6962
0758
4589
6422
6838
3973
7370
8637
0721
0416
3697
5455
8648
8081
1394
2052
9383
3477
7578
9906
2886
6322
5093
2223
5710
9077
5927
7467
0353
8518
4739
5876
6915
8655
6552
9501
5294
4914
3974
4315
1536
3448
9549
9219
6314
5328
3723
2554
4722
6809
0849
8617
7817
1020
8366
4725
1266
5904
4443
7366
3618
7799
1908
0397
8664
4790
7282
2518
9120
6469
1980
4449
2028
6942
0905
8884
1592
3600
9316
8376
3876
8383
2567
6003
3879
3100
1567
8259
6253
4852
6241
4855
4779
8059
6416
3324
4320
7162
7404
8774
4824
9004
9127
7410
9809
2533
1462
7670
2723
5596
2073
4119
4455
0304
0425
8095
9745
0217
1713
7109
7197
3127
8003
2357
0962
9711
3142
2997
8243
4188
9295
6418
0941
1775
7344
0478
2875
5197
4433
6828
1163
7786
8260
3584
0853
7764
1035
9633
7051
9454
6115
1347
8546
1007
3395
2384
9437
7555
8666
0034
7009
2403
3801
3656
7195
9425
6758
8950
4538
5555
3975
8888
4635
3035
5171
6064
5745
8585
1015
8313
4498
7058
3943
8075
9094
5978
4326
9115
5750
4662
0787
6190
0179
8726
2600
6638
1089
6209
1148
3194
9451
0710
0001
9418
4009
6954
1047
4175
2262
1837
4870
5014
3742
1627
8955
8484
4834
2238
2737
3295
3754
0391
7473
3196
3452
4250
7363
6443
6434
2738
4264
3385
9042
5359
7148
8024
4024
1025
4910
1473
4201
4655
1728
3988
6345
3055
6755
7033
6020
9838
5942
7857
7380
0929
3790
3507
2868
0406
4518
6384
7543
0537
1998
8156
0470
5245
2823
7814
6836
4121
9017
3804
7912
8802
8466
9448
5809
1192
8146
4869
9171
5062
3377
8533
4607
5487
2751
1184
5276
9244
2309
9727
4948
6465
2644
7139
6472
5303
5538
7629
7893
4318
0106
2506
4298
5292
9188
0965
0923
2813
3667
9336
4165
5700
5699
3501
1011
4941
4475
9097
4468
4536
5327
6716
9045
6992
6441
8403
2583
9081
2330
8274
5385
8744
3885
6865
9390
9703
0908
7436
1017
1436
5545
6687
2476
8004
1181
3781
0073
9487
2114
0988
5257
7368
3354
4265
1369
6412
2140
8632
2315
2139
5844
3485
7865
0224
2820
9805
4375
2725
6382
9883
8191
9509
7496
0360
0746
2278
1478
8872
8912
4060
0875
1332
8229
2688
9443
1855
8276
3557
8582
0084
0445
1059
5526
7557
7988
7462
5632
5567
2996
2715
4985
2191
7853
7131
3980
2865
2065
3686
2643
4537
9320
3751
5358
7032
8208
0915
1817
0490
6778
9992
3791
4888
3867
2189
7262
1631
8717
9196
0354
7836
0110
2685
8165
1132
5232
7289
2474
7325
4895
9715
7247
0993
2645
7887
2401
7218
0522
0825
4736
5706
8346
3871
9225
7903
2236
2789
7584
8748
2319
3265
5523
5133
8022
2167
8120
9377
7745
8917
6171
4054
9900
6146
4645
7476
9682
0143
4021
8258
7307
4943
7885
6060
7255
5518
3491
8167
0438
7531
1705
5098
2556
6445
3514
3513
5619
1176
5068
1957
6782
2360
0312
7931
9518
0322
9183
6876
2462
1546
5198
5859
6922
2642
0384
8017
6670
3003
7630
1548
7341
7890
6326
9718
9786
4845
2087
0503
2320
0117
1260
6292
7861
7385
5727
8368
4002
6336
1776
6389
9051
9271
5463
7076
6844
1881
1405
1720
6659
2694
0976
8092
8550
4865
1072
7505
5369
2022
3363
6086
9401
0688
7653
4321
8345
9404
1882
9291
5715
6885
6281
5436
1921
6186
3573
7879
7409
5324
8988
5168
9616
2135
9024
4797
3521
9044
1759
8050
9589
5574
6453
1006
5976
2338
8882
9182
2677
3412
0469
2481
2611
3420
4328
1640
9977
0763
5145
0635
1962
6062
3532
1840
0493
0296
0336
4994
7244
7960
6563
4107
2834
3260
8538
2726
4074
5936
5339
8435
0817
9217
2701
3119
5837
5368
1864
7158
0636
5760
2212
1361
3442
1115
4085
6372
1798
2877
0705
1890
3200
2851
3026
0440
9941
4154
6217
0887
5953
0998
8005
1665
9234
5012
5743
3559
6017
3721
0725
6305
5265
6855
8530
2627
6375
2303
2176
2596
5805
8684
6777
9611
0231
9655
5261
1712
3511
8629
8310
6929
5465
9780
1448
4390
5140
8458
9022
7108
3779
5990
0718
7685
9647
5680
4792
8332
2423
9207
6576
6555
2710
7353
7618
3086
1886
8371
3334
4106
5944
5085
3233
6602
1876
3512
6817
2105
2427
5201
7575
7757
0481
4418
7399
3599
2149
5622
0622
3825
7389
0355
3644
7304
1810
0059
5973
9869
1265
0146
6452
5897
2313
2051
6352
1000
2081
9247
7566
3467
3409
9614
7445
3405
4456
2345
2376
2180
9871
0989
4050
6410
8173
6311
7932
2286
1739
6313
8114
8285
3439
0755
2409
4650
0215
0633
6654
6525
8678
1844
4804
8129
4386
4351
2443
8428
4543
0728
9297
9841
2626
2671
9913
0934
1302
6213
9884
8395
1116
0402
9069
6787
0793
6892
9662
9806
5770
8349
0180
6482
4008
7059
0868
0410
1513
2609
1754
7242
0605
4977
7749
6917
2695
8282
4028
9515
2466
3840
0462
5366
1994
5180
5943
3992
5336
7275
8133
5051
0243
4139
0417
5218
9186
2448
0852
3783
4811
3454
3934
2712
0007
8454
2470
2116
5527
0620
3925
8270
4726
1648
4451
4573
2150
7587
9769
0927
2182
2558
3946
7293
9112
9823
2883
8289
7346
2463
3609
0132
2398
0981
1888
9932
0404
2504
8686
8370
9411
5468
3297
1637
2266
5081
1036
7215
5325
2581
8837
1026
6746
4110
1778
2854
9676
7015
8763
5681
6994
6900
7216
9832
1576
4195
2269
6228
5874
6170
6248
8409
5569
3351
4339
0821
8207
4500
4158
8158
9567
1937
6530
4637
1285
7840
7486
5019
8740
0129
4037
6721
7313
0797
6050
1636
7432
0515
2921
0226
1990
1585
7000
0365
3234
5021
7239
9732
3587
1656
1479
1936
4695
7549
2787
9267
9420
9245
5044
3520
6189
9118
5221
4998
1435
7831
8685
6141
0270
8871
2577
2233
4820
4922
1818
2168
4670
5901
4216
0311
0539
1599
4623
5698
9856
5818
1508
6116
9689
6888
9197
5667
2231
6015
9141
3199
1549
3236
0916
7723
2394
5296
1415
9661
2842
2970
6835
5274
2459
5742
6330
3899
4088
8714
6901
1869
4051
6857
9444
0680
1464
8799
0383
0588
1544
3807
7797
0136
0684
3613
4122
4909
3378
7292
3730
5739
1557
7465
6168
2361
9514
4597
3987
0056
6091
1897
1166
6851
8649
9249
5629
2202
0837
0079
8026
1819
8113
1029
7495
0518
7003
7689
8722
8922
9815
2720
8236
0373
1010
1032
2806
5332
7020
5285
2120
3797
8839
7968
8773
0779
1976
7061
6786
4379
1730
2256
7949
0910
4530
6351
0845
1529
5055
3146
0810
4569
7728
8218
0120
4860
6966
5797
0952
1660
8723
9657
9328
5025
9117
9701
5634
3453
5348
0452
6815
1725
3775
4502
7721
2633
9167
0422
4652
8746
6816
1977
8618
3695
4899
1330
6993
0344
0125
1112
1781
0583
2277
1149
5108
6658
0814
3192
6967
9960
7858
7823
3847
1191
5066
8309
6971
6028
4857
0826
8772
6187
8941
1282
1381
7096
7181
5383
5281
6583
8010
8728
3319
9758
6797
9897
4233
3070
2244
7667
0872
2756
5887
6533
1427
0816
6180
3443
3285
1482
0199
5843
2793
4831
9996
8119
2552
7161
9326
5307
3844
2250
9648
8460
6974
9056
9332
1062
9800
1402
5099
9399
5039
2127
5604
5812
5666
4030
1900
3044
1294
7565
0937
1711
7725
1177
9562
2884
7439
0047
5445
4261
3868
0542
2156
6215
1446
6760
2807
3837
5405
2509
2134
8142
2952
9767
9759
1709
3763
4658
6757
6656
0340
1591
6136
7741
2425
9335
7420
6123
3419
8583
0738
1572
4160
4224
5769
4689
5194
7365
4721
2617
5444
3540
1820
9915
0999
6380
6260
4651
8702
7511
1580
6476
8809
4277
2369
6498
7035
3141
0580
1008
4549
6074
5780
5996
8654
4178
1729
1791
4310
4767
5159
0381
3019
6419
0932
5205
6505
3321
3238
7627
7318
1275
6772
6565
8780
0027
1551
1568
2079
4866
8272
4365
0538
8315
3921
6405
5031
0765
2736
5146
4694
2628
0061
3288
3278
6402
7360
6695
6923
6875
7359
6335
1127
3343
6701
1807
2242
3789
2615
6480
8048
2569
4267
7586
2400
7018
9559
2147
7638
5505
1547
8623
6511
3767
7503
3492
3436
4967
6671
4352
3353
7668
9581
1315
9705
1809
9889
5534
4210
1588
0482
1019
0287
2083
3857
0791
6290
9272
6728
2070
5763
1151
8184
5244
6450
1852
7379
9020
6240
5924
7974
6142
0278
4634
0100
8779
2316
5621
5162
3964
9208
9678
0088
2035
6660
5568
7034
3778
5963
1517
6859
5075
7594
6374
4426
3601
0641
6811
1617
5648
6481
3053
4445
1366
1838
7040
4181
6110
6623
8816
5915
0448
1710
2047
2141
6784
2841
7210
3624
3768
3284
5443
8327
9803
0935
3096
2492
7475
2938
4055
2218
9910
7393
3994
4932
1786
5492
6978
0809
3572
2824
8312
1190
9936
0378
4301
7656
9113
7121
1747
4115
3104
3193
3580
3091
9256
1695
4014
7962
0187
5937
9824
5457
2635
9229
1337
0461
1803
2955
7835
9312
4354
2783
1452
7793
9212
9299
8776
0019
1218
3112
7982
9866
4440
3157
5109
4514
5226
6271
2354
1005
9039
2906
6022
0892
6639
0766
5181
8071
4528
6212
6616
9580
0940
6291
6839
9009
0333
7006
3933
2904
8204
5536
0072
3576
7367
8999
8480
5105
1560
0994
3810
5440
8874
0023
8279
4769
5810
2030
6385
4675
6035
1199
1526
3081
4471
8544
7789
4928
0666
9341
0778
2210
1989
8328
9070
3891
6733
1354
0733
8703
3819
3909
4698
2130
8044
2739
5696
5747
6435
0652
3033
0593
1172
0957
4377
5189
1404
2805
1603
2294
3575
3919
5542
5922
6629
4598
2377
0662
3595
5882
7588
1750
1673
3918
6085
5597
5417
4828
9962
7350
4142
9360
7184
3257
5829
7662
2101
4716
6544
2828
3691
2502
1002
3641
0281
4300
0390
5404
3128
8182
5059
3798
4714
6089
1594
6510
3274
3224
6005
2714
3942
2942
4477
6763
3565
7053
6534
6911
2660
8844
9047
7278
4004
5939
9480
0527
2480
5187
8501
3217
3581
5103
6804
4179
5866
7332
1525
2332
8470
5472
1232
6437
8082
2186
3552
7598
3137
6036
7165
8526
4220
9088
5306
0116
1942
9449
0456
3337
1821
6881
4268
7874
3639
2487
1175
0213
3243
6635
6468
5367
6029
2780
7455
2508
2296
3365
3649
7007
2591
2249
1887
4255
6776
4851
1736
1326
5553
9098
0484
5496
8902
5610
7153
0368
5900
2203
3705
7507
3346
9895
5416
1472
9065
9861
3848
1751
2104
9352
0329
3796
4644
9224
6285
3588
1552
6722
7860
8878
1254
8177
3872
0706
4900
3380
1748
9902
0517
5006
2709
8989
0575
6774
9318
0103
6581
0671
3984
8592
2467
0189
0048
7695
5748
7778
1152
0918
5765
0726
2415
5493
5504
8842
4803
7937
0389
7103
6591
4232
6948
0711
4149
4219
4103
8045
9223
6063
2638
6738
3522
5054
1802
2959
2422
7312
9010
5102
8502
4324
8489
5350
7509
1761
1944
2438
9574
2464
7049
2960
7616
9569
1195
6945
9556
7844
4466
8125
3770
5612
6830
5045
2603
5905
9837
6051
8571
6284
9550
2061
0476
7111
6133
2245
2512
3266
5000
8532
7742
1692
4099
1533
8819
7285
3861
9064
5940
6306
8293
0676
9228
3759
0594
3131
1571
6933
7758
5991
0876
6512
4223
6970
0475
9227
3488
2964
2917
6712
7449
8329
2110
3962
9482
9835
6442
1883
5448
4830
2312
4552
9033
0669
7604
7977
1403
4939
3976
6339
6202
3487
9453
4916
6517
3235
3406
7377
3147
2616
9438
9651
6937
8515
8078
4600
1422
0970
5861
0045
3129
1267
1904
7915
0834
8877
3139
3318
5878
7398
8151
6694
2424
8506
4911
9817
9513
5466
6513
2001
1716
5397
3863
0858
0160
0572
2915
5287
5907
7715
0020
7546
1481
5949
4750
9586
2891
8696
4327
2453
9783
5092
8909
4141
6397
1174
9708
0286
2772
2958
2308
6321
2750
9955
0860
1488
9924
4215
7602
4419
0004
1420
4829
4444
5608
7567
5106
8195
4109
3210
6176
6042
4156
1477
2000
9671
8866
1626
1424
5605
6729
6973
9540
5771
3806
4492
5337
4664
1024
5001
4442
9356
4883
8994
0206
3856
5988
9131
5636
0782
5613
5967
6606
5620
0138
8765
4993
8423
7480
6592
4114
5600
4431
7928
6126
5063
9239
3422
3149
3097
2395
7421
1558
4646
3590
1574
8019
5169
4561
7281
8981
7997
6770
1243
5690
3231
0337
5982
6940
6236
9848
5912
0409
7246
8425
9801
3836
9857
3456
4494
3509
9400
8390
9386
2733
2042
7911
6229
8889
3006
9508
8223
9979
6270
9733
3446
4396
8476
1499
5304
2794
1108
2860
6803
0774
9394
2969
7755
7237
9355
8222
8200
8930
4269
5686
8209
8400
8681
4705
6628
0897
0041
0909
2024
6373
5470
2680
8040
4723
5562
7913
1412
6093
0649
6539
9476
4231
8830
5643
0252
0477
9681
2863
3398
7869
3002
1780
6353
9248
5730
1414
7645
4796
5224
5693
3631
4892
1979
7499
8397
2197
3720
2358
0732
2246
8841
5598
0012
7540
8898
0913
7029
2639
6425
6528
9393
3115
8303
8106
1079
8250
2604
4229
4861
6674
6220
1584
4978
4692
2847
3929
5481
4671
9251
1293
7135
9104
0695
3248
9372
2404
1933
3741
7925
8032
8982
0105
5962
6128
3153
7891
0260
0408
8983
6356
5160
6014
0946
9349
5867
1466
6612
9087
9793
1030
3383
6296
3635
5694
6245
8615
5521
6376
6556
8595
7315
1912
0240
5889
2975
6641
4180
6317
5531
7125
5906
7441
5784
1442
1349
9961
0736
1909
0285
7204
9899
7621
2389
6101
7867
6138
5107
1925
8820
3627
4656
4773
9751
1918
9419
5219
6002
8064
1308
2299
8724
6276
3603
9673
6575
3430
1779
9023
4507
6319
7754
2471
6487
9707
4474
3301
3316
8895
3085
7500
3457
0403
7939
0022
8036
8277
5202
5851
7983
4061
5873
3478
9163
4217
0724
7402
7708
0480
5208
7430
4593
4207
2835
3098
8970
4907
0992
2026
4814
8110
8002
0663
5933
4383
9740
3795
9124
6960
7944
8411
8732
9190
6928
2927
6329
4578
4742
5047
0730
6457
3495
5956
1040
1170
6794
4744
0682
1429
3156
1187
2018
4674
6890
0253
2328
4954
4033
6430
8638
9342
0249
7682
3314
7871
8625
5519
0302
7024
8000
1173
9331
8875
0466
0113
2797
9964
2535
1784
8992
8416
8636
9597
4388
7175
0700
3205
4363
4488
0094
4016
0108
3203
9491
9442
3022
6264
4686
6983
2690
0645
2933
7674
9343
1343
3494
3555
7596
0137
6538
3269
3372
1932
0862
4676
3593
9525
6067
6584
7750
0101
6454
3983
0626
1096
0801
1598
0064
5361
5430
8675
0977
9029
9599
1313
5038
4539
3750
1535
6562
3227
9378
3854
1490
0049
7886
2526
5178
3138
3803
7703
6277
3120
7541
4045
1143
3326
6999
7270
9191
5729
3626
1500
3276
7701
0903
3809
2284
2086
1503
3657
2620
3568
0973
1816
3955
4059
1857
2437
1178
4654
5268
7945
5112
8790
1399
6346
9452
6040
8267
6625
4604
4649
5722
2686
8954
3450
0128
0878
2811
4097
6131
1657
7600
4329
4678
8077
0968
8213
4867
4938
6225
7416
9584
3645
7782
2237
7173
2657
0232
2111
9982
5955
7722
4003
1295
4176
3579
8826
3267
1860
1771
3323
6631
0444
4495
9860
6413
7202
3900
7606
2522
1066
3714
4057
5422
8164
1135
1542
6541
1334
6478
8434
7733
0303
3397
5502
7859
3614
7118
9436
2085
9066
1018
4247
0086
4950
4755
0525
8375
2855
9266
3463
2872
7970
3459
3936
6294
0987
4186
7564
7815
0839
3471
7641
7990
2038
4453
0074
2979
2321
0792
0995
9290
3221
2879
1917
3774
1868
8228
5626
8673
2078
0218
8433
6988
7314
1368
8979
9284
0327
8543
4323
7229
5438
6621
7979
7083
0161
6805
2634
3794
0131
7687
3746
6920
7661
3659
4568
5513
5295
7552
3820
0601
0359
6514
3332
2810
8759
3533
3312
0659
6895
1877
7328
1048
1767
5495
3865
8778
0611
5783
1532
3039
7446
4446
5170
6325
4089
4065
3254
3916
5725
7178
1749
1051
9947
9592
1229
7617
0919
0827
9254
3888
8180
0449
1009
6823
6925
8212
9717
8683
4137
0975
5199
9410
0233
1168
7704
8305
2329
3063
5528
7088
6761
4929
8087
2859
1954
9041
8234
0629
2833
4526
1419
0804
0838
8280
5898
6574
0168
4933
4034
7132
7599
4621
4903
7397
9615
9695
7253
8953
4359
8795
2590
9967
8971
1622
3898
9539
8150
6545
3144
6617
7729
9868
5881
1702
2918
8537
9952
4918
1145
4522
4010
7813
7824
7752
3882
3328
0405
3109
5821
4333
2153
6078
1923
6039
1316
5728
9764
3047
6315
7561
9430
5668
5792
2435
4636
8817
6464
2987
1386
5360
5096
6199
7159
8806
1318
9709
6497
2844
1382
1494
3566
4524
2622
6943
6429
5847
8885
9643
3165
5875
3652
9133
5231
9601
6642
2568
8185
2940
2021
3414
5886
7690
5517
6710
3894
3728
6181
6953
6358
0533
6068
9685
9840
1727
8154
9371
6769
1250
9470
6899
8143
9828
7010
5761
8600
5420
1063
4199
9684
0372
9380
3206
3811
6991
6388
2227
7303
7352
8810
2691
0546
7626
1836
1871
0799
0166
2843
2235
0630
1107
0261
0460
9757
7901
8764
6129
1021
3150
3643
6269
3213
5011
0076
7424
4749
0521
1856
6283
0586
2099
2652
8117
1445
6558
4467
4407
8509
4438
7431
7133
5677
5379
3011
0318
2405
2983
0005
6198
6502
4608
2436
1363
2372
5406
7830
9688
3371
9053
8104
8905
4775
3325
3693
6323
8189
0764
8798
9583
1707
9898
8178
2270
0596
7882
4927
4367
3185
6393
7875
2913
8447
0283
9176
0591
3272
4789
4579
4884
9790
9089
0235
8393
6632
8619
2166
2020
0512
0902
8485
9536
1057
2058
8997
4616
1704
9571
5764
7966
3021
3537
1162
2830
4289
6693
7678
5058
5371
1016
5349
8275
8379
3071
2545
9779
0865
6477
8174
8461
2755
2571
9495
6987
5970
9573
5945
5571
0685
9468
0670
6936
7012
6673
0426
9507
4615
6934
7209
8211
9642
1253
1960
5816
6127
7081
3734
9911
0195
0563
6193
3849
2528
0920
1997
7519
2226
2662
8235
8072
7498
5835
7102
7226
8851
2252
3553
0182
0971
7868
0686
8519
9690
5050
9966
9795
7130
5543
0098
9414
5786
8246
9350
8591
3786
1385
8730
3329
5142
8605
2280
7533
1706
0319
6634
2441
2095
4317
5654
5614
4302
8183
9887
6331
0292
3638
2549
5830
9972
5635
2063
9663
6155
2012
3947
4380
8245
2077
3352
8559
7488
9270
9773
3583
4784
2491
5037
9644
2563
5926
7258
1041
2004
3105
7640
5561
1270
2493
9881
7287
4533
8870
0558
8785
7160
7201
5981
0819
2699
3004
4481
4077
7326
6206
7790
4832
7116
2198
2935
5979
3181
6618
6444
3560
8043
1606
7167
7615
3390
7358
8720
7093
9416
8897
2925
9413
0474
0867
6471
8803
8938
5537
7805
6431
0255
1721
1914
7112
6645
0772
9814
6531
9007
8742
8843
0674
9658
7767
3344
5137
2661
8381
1050
6246
6790
1797
4529
9189
0551
9018
0582
3293
2781
6766
4146
4898
1520
2175
4712
6952
9945
9313
0196
3046
5338
8333
8677
3561
2388
0454
4100
1587
3960
8960
2100
8465
0230
1340
1255
6494
1309
1757
8643
9102
7080
9904
2939
8348
8569
6832
4218
8767
9741
9636
2541
9669
3029
6683
0508
5377
4893
5993
0996
6098
8996
2219
5154
9407
8108
0357
0850
5034
6153
3550
6231
0298
6394
7107
7044
6492
0696
2900
7651
6207
4484
3718
9953
3630
1799
0830
6120
5084
4356
7666
7563
4504
4626
5560
6807
9608
7277
8564
6179
6643
8063
6949
4763
5382
3999
4876
2923
2385
4312
4760
7520
4273
9135
6856
7394
5807
6965
3523
7286
8822
0173
0443
2876
4470
9585
7545
9576
5606
8284
8197
6045
9168
3629
9459
4853
6137
3143
3014
4035
4124
4642
8440
2162
0595
7297
2804
1457
9537
5713
8505
9154
5127
0754
5697
1701
2432
9975
5347
9752
0028
1577
8046
5736
3608
9791
0587
2128
6916
4197
0928
6489
8823
3013
9640
5708
9298
8856
6559
8356
6057
5072
9594
9833
8325
8102
7972
3497
3765
6273
1528
1223
5029
2418
8786
6448
9467
5930
1234
7099
2010
6569
6258
5628
5670
4704
5856
6219
6486
1623
5206
4753
2499
3220
5640
9788
8061
7030
2572
2856
4968
1468
9211
7310
3843
5290
8669
9847
1484
7658
2200
2185
8265
2496
1235
8949
2764
1474
5857
0275
6691
3256
0067
4108
1281
1202
3286
6031
7220
9939
6636
4717
3282
1245
9812
3948
5572
3654
8514
3472
0181
0104
1443
6551
4391
7818
7038
3253
5104
4890
0694
5532
7355
5082
6614
2803
0096
5890
0634
4131
1796
2602
5958
8361
1612
4285
5329
0907
6309
4304
8168
1667
4026
7343
0207
6711
1322
7381
6355
8508
9635
4544
4619
4681
1100
1298
1896
1378
9798
8360
1233
6279
5263
7189
7097
2971
0560
4859
1913
0031
3124
1570
4591
7898
0846
2817
1434
7948
6873
0241
5191
8139
3703
5811
5451
6436
6178
6275
7652
8642
4086
6470
8438
2310
6913
7037
6332
1111
1986
1060
8890
9000
8399
3117
6846
4259
7580
9152
2344
3198
9367
2217
7423
5559
4923
0646
2490
1070
3032
8913
2763
7031
1573
7089
9466
9445
2560
7535
6449
1581
3524
4303
9205
8362
4242
2630
9522
2119
2890
5806
0183
4392
7330
9637
8307
2998
4416
8682
0762
9864
1723
1102
4989
2348
5413
6000
1430
9461
0225
7848
1596
3168
1492
8787
3428
1439
3444
3971
0167
2406
5308
9948
4183
6282
6188
4381
0214
7691
3757
7864
1335
4697
4970
5118
8976
2984
8147
2314
9496
4355
8308
7501
4209
8464
9145
2341
3304
2485
1179
4583
6012
8049
9344
9241
0911
3653
6735
4405
5176
8194
3263
9006
4136
5426
0148
3696
6090
2981
4275
0843
8083
1324
3094
7329
8794
2770
7228
2653
4385
6840
7134
7967
9325
2658
1644
9231
9398
9737
2451
2729
3826
5380
1331
5674
2894
7771
0651
0767
3121
4027
3427
3368
1866
4213
1846
2323
4357
2368
5158
1327
1915
1328
7438
3123
4263
0102
1165
7717
0524
5558
7290
0749
0784
8676
1244
8590
7547
2440
1373
1196
9075
2478
2819
3646
2056
0121
7338
3043
3020
2703
1922
5402
8690
5289
8689
1418
7493
4505
3663
9747
2665
2705
6103
7595
0553
9552
1863
1141
3725
0066
8419
7987
8015
8230
5916
0035
1286
7001
1169
6795
4936
4374
5602
6742
5704
5222
0227
6896
9220
2465
5074
1902
2264
5161
6719
3596
7510
4628
1081
0643
0548
8528
1589
8754
7084
9210
8576
3429
7560
4969
9776
1991
8012
2151
7936
4341
8737
7213
0510
1274
7702
7302
2340
7570
0289
9679
3036
8906
1321
6259
1646
8297
1114
5036
5932
2976
7933
4921
1839
5229
2336
4659
3688
5679
6605
8126
6515
2774
5442
1745
5213
4711
8205
7906
4693
3544
8542
3978
6609
2016
3676
1131
5950
3799
0654
8933
2597
1188
7726
3633
4087
7356
3692
7454
5053
1358
2945
1069
8320
8488
4772
1231
3917
0854
8628
0394
4570
6428
8394
0835
4410
1687
0003
8510
8100
6490
4557
1146
3526
9830
5094
6893
0497
2282
1317
9965
1395
5060
5998
4596
7273
0739
6681
4472
7056
4630
8264
2741
3438
8853
6324
7479
0413
5994
3737
3990
9735
3606
1397
6872
0259
6451
8962
0603
6730
7524
3895
6070
1620
7470
8377
3827
0239
5985
8364
1699
5247
1155
9365
8650
3912
8337
9201
9422
0248
6205
3191
0486
0616
5095
6175
2950
9834
2366
2730
5013
1289
1842
5212
5400
9621
4563
5584
2055
3952
1697
6938
6191
8838
6370
4729
6167
0624
8694
0015
9198
3567
4666
5592
6708
7609
8047
2158
4330
5793
7417
9922
1772
7067
8122
0901
6590
8833
9305
9221
5840
7274
0393
2678
2961
8792
7186
6773
9105
3113
6164
6010
8176
8490
3769
3232
9675
4173
8227
2419
2641
4581
5319
7163
8707
7337
9173
3897
6286
5781
7019
3852
7712
3883
7581
5128
1766
9749
4417
5594
6702
9037
4833
0815
0323
8751
7190
8704
1905
7654
7227
4558
1356
9028
1550
4412
5617
2273
5018
7212
9084
9059
3636
6785
3084
2926
9639
5166
3944
4812
3479
0039
3771
5972
9931
0769
5002
8821
8805
3541
1827
6027
7700
7569
3271
1696
3832
7429
9912
2869
1691
8097
5946
5659
4715
7245
2899
5125
1376
6898
1755
1142
6094
7833
7376
2221
7766
2870
3158
5174
1469
3835
6768
8931
2605
8492
8661
7188
8355
1136
2557
5230
1037
2082
4776
3366
1003
4601
7339
8990
3038
3623
0550
8477
3008
5419
9415
3159
7151
2112
9327
2494
9846
5789
8450
2113
6112
6572
9174
1460
7995
9704
2582
8713
7369
4127
5896
7663
3813
5533
7603
7589
6775
4611
5664
1117
5475
7200
6781
7636
9261
3460
8893
5683
7684
3842
2034
4228
8536
9359
2675
7374
2517
0130
6904
9807
1618
7942
0465
5705
3437
5453
9203
7512
4743
4627
6696
3772
1213
9021
8660
1967
8652
3440
6703
6561
0489
3586
8811
3201
6519
7899
9744
7087
0796
7992
8396
3462
9579
4638
9768
3928
1972
1099
5461
6765
2115
4236
4007
0833
4094
7469
5370
3519
4221
7710
2102
4508
7104
0950
1970
6944
1214
0164
8524
4783
1675
3687
4143
7551
6004
8268
5240
5774
8011
7054
6959
9055
0967
2916
4506
5177
2521
9957
8738
9281
1426
9179
0888
9275
1681
5309
8496
8622
4039
7248
8057
0565
8058
7196
4997
6152
4863
5918
6016
6649
6272
3815
9034
6079
1372
3172
8263
8322
9819
0933
7129
4191
3262
4663
4976
9103
7642
6626
4534
5952
2174
8296
7085
8414
9890
9149
3431
1906
3076
8169
1812
9628
2027
6390
9259
6391
1086
3558
6030
2848
3394
2305
9613
4751
9238
7635
6819
5321
3855
9475
7971
1360
1518
7463
6247
4848
8140
9973
2129
2074
2498
4230
9155
0077
8572
7812
3941
6008
3289
7321
7529
2548
5639
2953
7951
3661
3171
6897
0921
0141
2538
7504
2145
3577
8951
7834
7065
1743
5500
4800
5984
4555
9698
0628
2014
3901
7461
7324
6526
2093
8599
8926
7265
9850
0058
4841
2672
9250
0040
5130
7862
2822
2142
5428
9917
8134
6751
8534
4098
5550
2163
7523
3376
7634
0163
2795
9934
9165
2325
5111
4631
1258
2874
4999
3585
7250
9634
3503
7756
9938
6521
8957
7822
3502
9983
7643
9578
1441
1043
4309
2629
3180
2511
4353
2408
2698
2669
5326
6066
5121
0966
2421
6961
7619
2488
4340
5150
5114
5520
3650
9162
7299
9049
3396
9652
7686
8406
3160
3186
0882
0078
5009
5964
4414
4947
2988
8869
2632
3592
9175
1814
3977
8255
0379
8761
3508
9617
4931
2995
5853
5511
1374
4548
4821
2731
4049
4875
5590
1406
5872
7418
4880
8847
1507
2631
4572
5663
5638
6998
2275
7559
0650
7047
1297
6338
5749
7450
5393
0089
4361
9273
